2220022112202222222222222
1022212222222222212212022
2202222220222221202022222
2222222220222122212222222
2222222202220122222022222
1222222222212222222222222
13
2220122102202222222222222
2122212222222222202212122
2202222220222221212222222
2022222220222222212222222
2222222202220222222222222
1222222222222222222022222
11
2221222102222222222222220
2222202222222222202212222
2212222221222221222222222
2222222220222222202222222
2222222222202222222222222
2222222222222222222122222
7
2221122212022222222222221
1122202222222222212202222
2212222222222222212122222
2022222222222122202222222
2222222202211022222222222
0222222222202222222022222
10
2222122112102222222222220
2222202222222222222222022
2222222222222220202122222
2122222222222222202222222
2222222222201122222022222
1222222222222222222222222
9
2222122012022222222222222
1222202222222222202212222
2202222221222221212022222
2122222220222222202222222
2222222222211222222022222
1222222220212202222122202
12
2221222002002222222222221
1022222222222222220202022
2222222221222222212022222
2022222222222122222222222
2222222222220222222022222
0222222222212212222022222
14
2220222012122222222222222
1022222222222222201212222
2202222221222222222222222
2222222220222222202222222
2222222222101022222122222
0222221220202212222222202
13
2220222012102222222222220
1022222222222222220202222
2212222222222222202222222
2022222220222122202222222
2222222212011022222222222
2222221220212202222222212
15
2220122022112222222222221
0022202222222222222202022
2212222222222220222122222
2222212222222022212222222
2222222222201222222022222
1222220222202212222122202
14
2222122202122222222222220
2022202222222222201202122
2222222221222221202122222
2022212221222022222222222
2222222202120022222022222
2222220221202202222222222
16
2220022022022222222222221
2122212222222222200212022
2212222220222220202122222
2222212222222022202222222
2222222222002122222022222
0222222222212222222122222
16
2222222210212222222222222
2222202222222222202222222
2222222220222221222222222
2022222222222122222222222
2222222222110122222122222
2222222221222212222222222
6
2220122200022222222222220
1022212222222222211212022
2222222221222221212222222
2122222222222222222222222
2222220202000222222222222
1222222211222212222122222
12
2221122220122222222222221
1022202222222222222212222
2202222221222222222222222
2122212221022022222222222
2222222222101022222222222
0222220202202202222222212
13
2221222201012222222222221
2022202222222222220202222
2202222222222220222122222
2122222220122122012222222
2222221222212122222022222
1222221222222212222122222
11
1220022200122222222222222
0122212222222222220222222
2202222222222220222022222
2222202222222022102222222
2222222222202222222022222
2222222211212202222122202
16
2220022200022222222222220
2022202222222222210212222
2212222220222221202122220
2122212222222122002222222
2222222202202122222222222
0222222211222202022022222
20
2220022020102222222222222
1222212222222222222222222
2212222220222220202222222
2222212221222122122222222
2222220222210122222022222
0222222210202201022022222
17
2220222100122222222222220
2222222222222222221202012
2222222222222222212122222
2222202222022022222222222
2222220222121022222022222
0222221211222202222022202
16
2221022122212222222222221
2222212222222222220222212
2212222222222220212122220
2222202221222022022222222
2222220212101222222122222
2222222221222212122222222
9
1202222222022222222222220
2022202222222222210212112
2212222220222220202222220
2122202221022122222222222
2222221212112122222122222
0222222211222220022022202
17
1211122122202222222222222
1122212222222222222202122
2212222222222221202022222
2122202221022022222222222
2222220222020222222022222
0222220202212201222222222
15
2200122121122122222222222
2222212222222222211202222
2212222221222221202222221
2022222222022022112222222
2222222222121022222022222
0222222221202200122222222
13
2210022100002022222222221
2222222222222222210212202
2202222220222222222022222
2022212222122022002222222
2222221212000122222222222
1222220211212222022122202
22
0210022021222022222222221
1122222222222222200222102
2202222221222201212022222
2022202220122022102222222
2222221212212022222022222
1222220200222221222122222
21
1212022212212122222222222
0122212222222222220212022
2202222221222221222022221
2222212220222022012222222
2222220202100022222222222
2222220210222220122022212
18
0212222012102122222222222
2022202222222222202212102
2212222221222210222122221
2022222222022222112222222
2222221222021122222122222
0222221221212221022122202
14
0200122221222022222222220
2022202222222222200212202
2202222220222222222022221
2122202220020122222222222
2222221202101022222022222
2222222200222220122222222
24
1222222020002022222222220
2222222222222222212202002
2222222222222210212012220
2122222220222222212222222
2222222222212022222022222
1222220201222202222222222
18
2221122011212122222222222
0222212222222222201222102
2212222221222221222112220
2022222222222122102222222
2222221202201122222022222
0222222220212222022222212
13
1222222012002222222222222
2122222222222222211212002
2212222221222212212022220
2122212221121022012222222
2222220202210122222022212
0222220211202212122122202
17
2200222112212122222222220
1022212222222222220202112
2212222221022212222122222
2222212221020222112222222
2222221212121122222222222
2222220210222212122122222
11
1210122221102222222222220
1222212222222122212222022
2202222222022212202102220
2122222221022022112222222
2222220222022122222222222
1222222222222211102122202
15
1220222201212022222222220
1122222022222022221212022
2202222220022201202012221
2022222220220122222222222
2222221212012022222222202
0222221222212201202022222
23
0202122121202022222222220
0022212222222122221202112
2202222221122222212102222
2120212221020022122222222
2222220222221122222222202
0222222211212222102122202
19
2211222011002122222222221
1022212122222222212222222
2212222221022221222122221
2220212220020022202222222
2222221212120022222022212
1222220222212212202122202
17
1222222222212122222222220
1022202020222022222212212
2202222222122222202012222
2020212221020022212222222
2222222202000222222222222
1222222220222201112222202
21
2200222200112222222222221
2122222022222122200202002
2202222221122211202102220
2122222220021122212222222
2222220222212122222222222
0222222200202221222022212
22
2211022011212122222222222
0122222122222222221212002
2212222222022201202102221
2022022222221222112222222
2222220212112222222022222
0222221212202202222222212
16
2221222211202222222222220
0122212222222022202202102
2212222220022210222222221
2000122221120122002222222
2222222202022222222022212
1222220200212211212122202
23
2200022211102002222222222
0122212021222222220222112
2202222222022202222122220
2122112220220122122222222
2222220212220022222122212
2122222201202201102222212
22
1202222212022122222222222
0022222121222022222202112
2222222220022221202122221
2000022220222022122222222
2222220220220122222122212
2222220212202200122222222
22
1211222222212012222202221
0122202020222022202212112
2212222222122220212202220
2022002221121022002222222
2222220211111122222222212
1122222101222201102022212
22
1202222212012012222212201
1022212221222222202202202
2222222220122102202122220
2101112222121022212222222
2222221021212122222122212
1122222100212220002222102
21
0202122001102212222202202
1222222022222022211222022
2212222220222001222002222
2212122221120022102222222
2222222020111122222022222
0022222220212221122222212
24
0201122121002122222222201
1222222122202022201212212
2212222222122020202122222
2101022221122222122222222
2222222002211022222122212
0022222200201212122022222
22
1222122021202012222222212
0222212020222022200202122
2212222222222112222122221
2202222222021222122222222
2222221122022022222122200
2022220212201200022221122
22
0201022022002122222212212
0122222120212222212222012
2212222222122110202122221
2212012221120122202222222
2222222112112022222222220
2022222222202220212022002
22
0220122220222221222202211
1222202021202022211202212
2212222222222121222102222
2211202220220122102222222
2222220220200222222122221
0022220112211201112221212
22
0221122210021022022202212
0222202121212022212212102
2202222220122212212202222
2211212222021022122222222
2222222002211022222022200
1022222221211212012120122
24
1202221102000121122212221
0122212220222022211202002
2212222221122011212022220
2020012020220222212222222
2222222010001022222022211
1122220201200220022221102
33
2211122210120121022201221
0022202120222222211202002
2212222221222112222222222
2110102222100222222222222
2222221221112022222122220
1122222201222222022221012
20
2222220102020211222200220
1122202022202022202212112
2212222220222221212202222
2120022220211222122222222
2222221101211122222122220
2122221221221221102120212
21
2212221200200020002200202
2122212221202222201222022
2212222222022212202112220
2112202021012222202222222
2222221111010222222022212
2022220100210201122220112
31
2200220012212021012210211
1022212021222122201202122
2222222221022200212012221
2121112020201022222222022
2222221200022222222122200
2122222111211002112122202
28
0201120102020000102200221
0220212020212122212202112
2212222221222221212122222
2211012222202222202222122
2222220020121222222022221
1122222212221202022020102
29
0200011202210210212221210
2120222221212222201222222
1202222221022222222122221
2010102222122022222222222
2222222210211122222022200
0022221212222122012122002
25
1200012200002022002222210
0121222222222222220222002
2222222221022000222102220
2010002221111122222222022
2222220221112022222022202
2022222020201222022020110
38
0211120210100210022202212
1021222220202222212202102
1212222220122110202202222
2001222122202222112222122
2222222122110222222122201
1122221112212011112121202
24
2220021202111121122201220
0122222122202022202212022
2202222221022211202122221
2202002121222122002222222
2222222202200022222122201
0022220212211220012022120
30
1221221021002100222202212
0120212122202022221212202
0212222221222111222202221
2111102220110122212222022
2222222200122022222022222
2122222002202012202021102
28
0201202201022202022211211
1220220221212222212222012
2202222220222010222222222
2012212121000022102222022
2222222020012122222222211
0022221022211010212220110
31
0200201202001021102210211
2221211020212022221212220
1222222221222202222102222
2200102122101222202222222
2222220102211102222022211
0022221022202221222121220
30
2200102121002221022200211
2222220022212222201202102
1222222221222020212212221
2111112220002222122222122
2222220021000122222122221
2122221100220020012121221
29
0220012210120110102201202
2022212122222122211202201
2202222221122121202002220
2021202020101122112222222
2202221121022002222222201
2022220222200200102022021
36
2220101210120221122221220
2021222020222222222212002
0212222221222101212022221
2221112222002122202222022
2212221020202212222122200
2022221100200112022121001
30
1220222210010210112211201
1120210021212122222202220
1202222121122201202012221
2000212120221222002222122
2212221011122012222222220
2222222122211202222120202
27
0221012100112002212220221
1121220220222202211202211
1202222121122212222212222
2012102222102122022222222
2212221011112212222222222
2022220000200122012222010
27
1210011222102011222221212
0021201220222022211212111
0222222222122001212022221
2000122022112022222222122
2202222220001012222122222
1122220202222212222120110
27
2201111021221222002220202
0120200022202102221202120
0222222121022010212022221
2200122221102122002222022
2222022221122122222122200
0222221120212011112222002
34
2211121212211102102220222
2121210121202002200222201
0202222220222012202102220
2110122121122222002222022
2222121201121022222122212
0122220212220211212121010
28
1002100011221201022220201
0120211222212002221202200
2202222221122220202012222
2020102120100122100222222
2222220202212202222222201
0022220221202221022122100
39
1221011101201202022202211
0220021122212112210202221
0212221120122121222002222
2111102121020022102212122
2212120022210022222222222
2122220222212202102121000
30
2210210201201110002202211
0021020021222212221212002
2202221221222111222112222
2021022221020122122222022
2212122110110212222122201
0222221011220121002122202
30
2110111022200200102221221
1221011220212222220202222
1222222020222001202112220
2002202202122122110202122
2222120102120122222022212
2122220111212101022021222
31
0222001010022011012220221
1122020222212202201222021
1202222221022202222012221
2220212000001122220212222
2212121122202122222122220
2122222122220201212121201
30
0110220001210201012212222
2220012221222012211202010
1212221122122011212012222
2011222112210222212202222
2212120011102002222122201
1122220202222211022121212
28
0000120201002002202221202
2020101120222002222222002
0222221222222112222012220
2222222002210222212202222
2222021100000022222222210
2022222010202001112021220
43
2002012110012100122221200
1020212022212212202202012
2202222021122102212002222
2221222112202022121222122
2202020201002012222022201
0022222102201121111021111
36
2111022221122221122212200
1221101120212122222012000
1222220122022001222122220
2102102221101222120202222
2202020120212211222122220
2122220200210212100220101
32
0112021201020201022221211
0121111221202222222202120
1202220121122020202112222
2012202102110222001222222
2202120010202210220222212
1122221111201222110020111
33
2100012210111011112212211
2022120220212122200022112
1202222121222001202002222
2120102121101022202202202
2212022001021122222122212
1222221021210111100022010
35
2121212200101021012200201
2121102220212002221222000
2212221222222000202112220
2021102020121022020212202
2222021210000111220122200
0222222201212121001021200
43
2021110221220020122202200
1121201120222222212222210
0202220222222102212102220
2101202101021022010212210
2220122100022211222122221
1122220220210211221120020
35
2022121001020102202212211
2022002221212102201002121
0202220121122121202022222
1221022121100222020212002
2220220012111011221222200
1022220001201101112122021
39
0110102000111100112212211
2220200021212102201022100
2202220020222210222212222
0020002010001222221212220
2212021210202110222022021
2122220011211012102220102
44
0100200112211212012202220
1222012122222122221202000
0202222021020221212012220
0100212100212022012202021
1200121021010021221122120
1022221220222000111221010
43
1222002112010220122202200
1021111122212022201102122
1222220121220212212002221
0111212102210222202202112
0221122111222120222222110
0122220111222100112220121
29
2002222201022221122210212
2121012121200022202112211
0202221221022012202102221
0121212112022022022222201
2222222011001221220122021
0122220120222211022022212
31
1010102220112200002220201
0222201201201012202012220
1212220221120020222222222
0012112002022022110222220
1211020022201020220122022
2022221012000110101022201
47
1102012221120101212221221
1122200212211002202222000
1212220120022101202222222
1002102211210122021222220
2200221101101220220022011
0022222201212000112121121
37
2210120212022002202200211
1022110011222212212200010
2222221022022022222112222
1020122221210022022202222
0201022221112100222122102
0122220100020202022220100
41
0001201021102121222200211
0220100101212212201122212
0212220201221010212202221
2120122220222222211212022
0201220222022102222022111
0222222000202100020102122
39
1001220110120220102200220
0221111211202202220211102
2212211022221112222002220
0101022001022221212212002
0220220022111012211022000
0022221201121101111012100
43
0002001202111122112211201
1020122100220102220010021
0212220002222020212102222
1100122221220122202212211
0010020002020120211122101
0122222121221100012201222
44
1020010211212011112210202
0021102022211122201112010
1202222201220200202102222
1102122101112220210212202
1102022011000111202122212
1222222221220202100210102
39
1110100221102022002201222
1020200010221202222000120
0202211211021210222222222
1000222220010222101202120
0111120201020122220222112
2122220020120100101120222
46
2112010002012101022222210
2120122021200002211011200
2202212121220102202122220
1012112201002221010202020
0001210220122020200222101
1221220201021101100221021
48
2022221211022100121012111
0001210210020211012102020
0000022202002101110020002
1201100212100102121020120
2122221121220001021110012
1212012001010222122112011
51
